epoch,train_loss,val_loss
1,0.15180939502141072,0.16724482730468526
2,0.13764296610931062,0.25054562641034267
3,0.13075653956404268,0.13445555445237892
4,0.12926400105908462,0.13449756857747652
5,0.12802947378978033,0.13428026613793842
6,0.1277886575744921,0.13415666625598552
7,0.12767480881905505,0.13423920787471977
8,0.1275781167656344,0.13398134781494866
9,0.12748301310969523,0.1342783956278585
10,0.1274222405806393,0.13425577328458352
11,0.1274772512429873,0.1341409649358924
